8 24 4
0.10626254597070589 0.10088268100239373 -0.031331783146062164 -0.05601187315777206 -0.14885319821648615 -0.04181300025736495 0.08865825878458489 -0.02226701896647825 -0.6795308448345398 0.21591607717147082 0.014376281192440055 0.14102930077602183 -0.043759718603631426 -0.0020442670755223546 -0.14619949755546083 0.1063090020924578 -0.25191766754736233 0.13522375462713687 0.17730282894454186 0.07851589098146683 -0.11597913605626312 0.02203881355559778 -0.012759149212459908 0.24556833106793746
1.3183695796493275 -0.2623127570100659 0.3495984077458406 -1.7404123971815504 0.11146670167113126 0.2731922156626546 0.282301826444573 -0.11999670331263015
0.18156138470420602 -0.024503242994627916 -0.041627834731362834 -0.1007136926342847 0.33164798406366336 -0.19766281900885105 -0.31382006849771715 0.2347854754385328
-0.25536605644751204 -0.18943340228421177 0.35336163658885256 -0.8816667772378599 0.20581222123087484 -0.5412759065441443 -0.16470101975592547 0.3430729626478306
0.7240458649132427 -0.10582276768837381 -0.074067491567056 1.0940048063808883 0.1536940009716341 0.05661926450560073 -0.09784409046217318 -1.124140922371616
0.25545700043105934 0.38069469281655877 -0.6160064972284 0.15534621712750055 0.06621914777282606 0.19107648818712364 -0.14653895598520908 -0.06052493395687314
-0.2902560614611442 0.2277095467048551 0.011242066958163766 0.27728060619813943 0.2671403748946457 0.05768284003898505 -0.1558823306846476 -0.20161091685709068
0.03489671714009346 0.09520856405328282 -0.9252256303795618 0.34513147590209603 2.3352526789596446 0.23186570286057212 -0.29838788900728513 0.15481319659443638
-0.2895669827053623 -0.25553917622971367 -0.2687802764682438 -0.6251633096960522 -1.1183030541284524 -0.28331183145135863 -0.32940059175239067 -0.3174952549784832
-0.18646353244484865 -0.15464170181067594 -0.2956093197707024 0.1873250736131855 1.3496604201668392 0.7881930757012547 -0.12394969996134789 0.06624951121607014
-0.39314908328884945 0.012285903472981474 -0.25101894019598536 0.16961729065906983 0.16119885559547675 -0.3378799959860029 -0.17211547579742298 0.06331984310979155
-0.18969947581075247 0.12070683400368565 0.30476066030700943 -1.9517864924916293 0.14484505315124713 -0.17010574336111886 0.2596089634543234 0.3093626656678019
0.3490540661360553 0.2613827906835623 0.8511043060804174 -0.06962349406395457 -0.3220209213898776 0.3919296883983729 -0.2550782492456797 0.9207453573676375
0.07180269348142054 0.06528187544528724 -0.33796948959424195 0.027301421932208525 -1.6011513683103065 0.06289987955530774 -0.1098105767064178 0.3387197752581891
-0.26207600624978566 -0.150337921966317 -0.027323588869067328 0.9887762260447882 0.0014844900385754811 -1.107109245033135 0.3153522484555843 -0.08652457861532903
0.24039307321124515 0.03707945798883039 0.1281197920322492 0.09758600830393643 -0.21682003721425552 -0.09368996571259902 -0.09293641961564297 0.2651823169879878
0.13513914970591628 -0.23560514326991272 -0.10080216908310818 0.031635087983463706 0.3002416915671092 0.2283091181705179 0.2697764860609504 -0.06031955457966043
1.1028376668037003 -0.12745736504540944 0.15333805080853424 -0.13684258516186706 -0.3229210655086164 0.47053233827381 0.28768867920302543 -0.30448642780082313
-0.0020044706636355714 0.254719909723482 -0.10329198377804216 0.14861936139750764 0.13566707787492516 0.3627805342756408 -0.26613429424051055 -0.1775182409004901
0.7122098782941021 -0.3366634326622841 -1.185179001276675 -0.3394611129922632 0.2543629102970003 0.2037834615581856 0.07832545084471881 -0.3461516907052409
0.22645533075712265 0.26203012175945306 0.008085898461882901 -0.683938262877032 -0.2518375246348241 0.026780973306564537 -1.455942598244326 2.5616172583556036
-0.13101874767744232 1.0290575609308918 -0.04820890866899452 -0.2771403376397902 -0.2335319431957425 0.2823495972440959 -0.9518242048242096 -0.31751657540267475
0.25121059459413386 0.310371762108242 -0.9998080004989418 0.2580988476471523 -0.3333349101650792 -0.2712350015123491 -0.05461183422359045 -0.14670746033551973
-0.1721661497243654 0.03136806834556666 -0.12410807741218469 -0.6413089329839425 -0.13068834401043536 0.11547692607871252 0.02525990124105193 0.19548945974058418
-0.11390396979120282 -0.02539393731736156 0.16718240359342432 -0.22001236358151546 -0.12617741211793512 0.7502395628451988 -0.34347324335975565 0.3127508328330735
0.2370526091179233 -0.21797572152792882 0.04522287103434641 0.10929098370882051
-0.5510629017881621 0.12656747068304672 -0.11471329389799248 0.0047884424950534465 0.08921225288741055 0.11576116743653994 -0.09307476505308936 0.11660775797709641 0.5565637471461224 0.12169799761193303 0.1957043035991842 -0.19885549922593976 -0.1057898813371856 0.08734451352311554 0.04897611588341058 0.03683528112321752 -0.14337217282662593 -0.10722399371873141 -0.12084803735945582 0.07851061768418802 0.08948845011757775 -0.00781208824111837 -0.0011579528338088174 -0.12538830590285005
-0.18048175124899785 -0.005361833559778761 -0.07774529838090644 -0.022179321742262198 -0.14843524536419378 0.15827296769236485 -1.7381585817122303 0.48230483950953473 -0.5002257381549746 -0.17522266415565044 0.19426382625597546 -0.023290600803425515 1.470634760772572 -0.03569106605167072 -0.0020800089125497523 -0.06126403238489303 -0.13188788593727624 -0.016444963028879767 0.008482048486173427 -0.19771499587876024 -0.08604662771918964 -0.11154161763597743 0.013129852946772158 0.04843366739381269
-0.005644446061524311 0.08308727051997852 -0.2019391324065557 -0.11670647081889882 0.08674742359984375 -0.17641036391837078 -0.13732176860872028 0.1822634045162145 -0.1368413595829679 0.1057192343999124 0.12754548452028067 -0.08725319138416436 0.9264235139974992 0.164954083617844 -0.1951916170930224 -0.155088600608311 -0.19705439670833855 -0.10933881118832955 0.17988529744802131 -0.04269741637075325 0.16558429438507374 0.11036198628266011 -0.1555030891875765 -0.007469439348798013
0.10663928513852014 -0.15481224640230987 -0.002913192223184126 -0.1671930369018437 0.19740085270944166 0.056546602812069996 -0.14631603552706285 -0.11364650008052403 0.10668594801207978 -0.00917180589209815 0.19349678218729785 0.15839634792376087 -0.19788849749593343 0.027682505313527922 -0.13260856433326823 -0.037974512966438695 -0.03922683433884744 -0.08708736455341042 0.05451538218640009 0.17272678579072945 0.4672291753855051 -0.10702479340151437 0.0604771507564382 0.009527535349556554
